date: 2013-11-10 19:32:48.165
argv: node /home/ubuntu/.nvm/v0.10.21/bin/hexo server --debug
os: Linux 3.2.0-23-generic-pae linux ia32
version:
  hexo: 2.3.0
  http_parser: 1.0
  node: 0.10.21
  v8: 3.14.5.9
  ares: 1.9.0-DEV
  uv: 0.10.18
  zlib: 1.2.3
  modules: 11
  openssl: 1.0.1e
---

[debug] 19:32:48.177 Configuration file load successfully
[debug] 19:32:48.182 Version info checked successfully
[debug] 19:32:48.183 Loading the database...
[debug] 19:32:48.386 Theme layout loaded
[debug] 19:32:48.387 Start watching theme layout...
[debug] 19:32:48.398 Theme source loaded
[debug] 19:32:48.402 Theme configuration loaded
[debug] 19:32:48.403 Start watching theme source...
[debug] 19:32:48.412 Theme i18n loaded
[debug] 19:32:48.419 Processed: _posts/hello-world.md
[debug] 19:32:48.421 Processed: _posts/my_first_deploy.md
[debug] 19:32:48.430 Cache saved
[info] 19:32:48.434 Hexo is running at localhost:4000/. Press Ctrl+C to stop.
[debug] 19:32:49.521 Render index: 
[debug] 19:33:45.229 Render index: 
[debug] 19:38:30.116 Render index: 
[debug] 19:38:36.798 Render index: 
[debug] 19:38:48.826 Render index: 
[debug] 19:41:07.665 Render index: 
[debug] 19:44:48.153 Render index: 
[debug] 19:45:24.914 Render index: 
[debug] 19:46:19.640 Render index: 
[debug] 19:46:54.598 Render index: 
[debug] 19:46:56.673 Render post: 2013/11/10/my_first_deploy/
[debug] 19:47:23.399 Render post: 2013/11/10/my_first_deploy/
[debug] 19:48:15.677 Render post: 2013/11/10/my_first_deploy/
[debug] 19:48:18.300 Render index: 
[debug] 19:48:20.761 Render post: 2013/11/10/my_first_deploy/
[debug] 19:48:21.972 Render index: 
